uuid: 4bc759af-3fe4-4b66-932a-5cc1705c7423
timestamps:
  login: 1401096414643
  lastteleport: 1401096485949
  logout: 1401096493592
ipAddress: 192.168.1.102
lastlocation:
  world: world
  x: -948.7779021093785
  y: 69.0
  z: -586.4389349188846
  yaw: 93.70462
  pitch: 11.3091955
logoutlocation:
  world: world
  x: -1107.715186813257
  y: 63.0
  z: -552.7153908835555
  yaw: -156.8906
  pitch: 15.359355
